   0.150D+03   0.150D+03  -0.327D+01   0.000D+00   0.000D+00   0.000D+00
   0.320D-04   0.320D-04  -0.121D-04   0.000D+00   0.000D+00   0.000D+00
   0.000D+00   0.000D+00   0.745D-02
   0.150D+03   0.320D-04       1.000       0.000       0.000
   0.150D+03   0.320D-04       0.000       1.000       0.000
  -0.327D+01  -0.121D-04       0.000       0.000       1.000
   0.766D+02   0.220D-04       0.707       0.000      -0.707   0.733D+02
   0.766D+02   0.220D-04       0.000       0.707      -0.707   0.733D+02
   0.603D-03   0.173D-09       0.707      -0.707       0.000   0.150D+03
  0.4817D-02  0.2250D-02
  -0.769D-01  -0.771D-01  -0.959D+00   0.000D+00   0.000D+00   0.000D+00
   0.422D-04   0.421D-04  -0.112D-03   0.000D+00   0.000D+00   0.000D+00
   0.000D+00   0.000D+00   0.659D-02
  -0.769D-01   0.422D-04       1.000       0.000       0.000
  -0.771D-01   0.421D-04       0.000       1.000       0.000
  -0.959D+00  -0.112D-03       0.000       0.000       1.000
   0.441D+00   0.772D-04       0.707       0.000      -0.707  -0.518D+00
   0.441D+00   0.772D-04       0.000       0.707      -0.707  -0.518D+00
   0.121D-03   0.212D-07       0.707      -0.707       0.000  -0.770D-01
  0.5053D-04  0.4537D-04
   0.111D+03   0.155D+03  -0.299D+01   0.000D+00   0.000D+00   0.000D+00
   0.220D-04   0.346D-04  -0.107D-04   0.000D+00   0.000D+00   0.000D+00
   0.000D+00   0.000D+00   0.907D-02
   0.155D+03   0.346D-04       0.000       1.000       0.000
   0.111D+03   0.220D-04       1.000       0.000       0.000
  -0.299D+01  -0.107D-04       0.000       0.000       1.000
   0.788D+02   0.226D-04       0.000       0.707      -0.707   0.758D+02
   0.569D+02   0.164D-04       0.707       0.000      -0.707   0.539D+02
   0.219D+02   0.629D-05      -0.707       0.707       0.000   0.133D+03
  0.3910D-02  0.1902D-02
   0.125D+03   0.153D+03  -0.308D+01   0.000D+00  -0.635D+00   0.000D+00
   0.256D-04   0.336D-04  -0.112D-04   0.000D+00  -0.182D-06   0.000D+00
   0.169D-03   0.000D+00   0.894D-02
   0.153D+03   0.336D-04       0.000       1.000       0.000
   0.125D+03   0.256D-04       1.000       0.000      -0.005
  -0.309D+01  -0.112D-04       0.005       0.000       1.000
   0.779D+02   0.224D-04      -0.004       0.707      -0.707   0.748D+02
   0.640D+02   0.184D-04       0.704       0.000      -0.711   0.609D+02
   0.139D+02   0.399D-05      -0.707       0.707       0.004   0.139D+03
  0.4183D-02  0.1985D-02
  -0.117D+00  -0.977D-01  -0.115D+01   0.000D+00   0.000D+00   0.000D+00
   0.479D-04   0.513D-04  -0.133D-03   0.000D+00   0.000D+00   0.000D+00
   0.000D+00   0.000D+00   0.813D-02
  -0.977D-01   0.513D-04       0.000       1.000       0.000
  -0.117D+00   0.479D-04       1.000       0.000       0.000
  -0.115D+01  -0.133D-03       0.000       0.000       1.000
   0.528D+00   0.924D-04       0.000       0.707      -0.707  -0.626D+00
   0.518D+00   0.907D-04       0.707       0.000      -0.707  -0.635D+00
   0.979D-02   0.171D-05      -0.707       0.707       0.000  -0.108D+00
  0.7164D-04  0.6383D-04
  -0.130D+00  -0.994D-01  -0.112D+01   0.000D+00  -0.105D+00   0.000D+00
   0.447D-04   0.500D-04  -0.128D-03   0.000D+00  -0.184D-04   0.000D+00
   0.327D-03   0.000D+00   0.803D-02
  -0.994D-01   0.500D-04       0.000       1.000       0.000
  -0.119D+00   0.466D-04       0.994       0.000      -0.105
  -0.113D+01  -0.130D-03       0.105       0.000       0.994
   0.515D+00   0.901D-04      -0.074       0.707      -0.703  -0.614D+00
   0.506D+00   0.885D-04       0.629       0.000      -0.777  -0.624D+00
   0.956D-02   0.167D-05      -0.703       0.707       0.074  -0.109D+00
  0.6834D-04  0.6078D-04
   0.986D+02   0.246D+02  -0.168D+01   0.000D+00   0.000D+00   0.210D+02
   0.238D-04   0.251D-05  -0.504D-05   0.000D+00   0.000D+00   0.604D-05
   0.000D+00   0.000D+00   0.132D-01
   0.104D+03   0.254D-04       0.967       0.255       0.000
   0.190D+02   0.916D-06      -0.255       0.967       0.000
  -0.168D+01  -0.504D-05       0.000       0.000       1.000
   0.529D+02   0.152D-04       0.684       0.181      -0.707   0.513D+02
   0.426D+02   0.122D-04       0.864      -0.503       0.000   0.616D+02
   0.104D+02   0.298D-05      -0.181       0.684      -0.707   0.868D+01
  0.1336D-02  0.9049D-03
   0.923D+02   0.260D+02  -0.163D+01  -0.164D+00  -0.372D+00   0.170D+02
   0.222D-04   0.310D-05  -0.484D-05  -0.472D-07  -0.107D-06   0.489D-05
   0.163D-03   0.395D-04   0.131D-01
   0.964D+02   0.233D-04       0.972       0.235      -0.004
   0.219D+02   0.192D-05      -0.235       0.972      -0.003
  -0.163D+01  -0.484D-05       0.003       0.004       1.000
   0.490D+02   0.141D-04       0.685       0.163      -0.710   0.474D+02
   0.372D+02   0.107D-04       0.853      -0.521      -0.001   0.591D+02
   0.118D+02   0.338D-05      -0.168       0.685      -0.709   0.101D+02
  0.1149D-02  0.7525D-03
   0.120D+03   0.132D+03  -0.303D+01  -0.404D+00  -0.116D+01   0.386D+01
   0.252D-04   0.286D-04  -0.102D-04  -0.116D-06  -0.335D-06   0.111D-05
   0.180D-03   0.300D-03   0.127D-01
   0.133D+03   0.289D-04       0.287       0.958      -0.005
   0.119D+03   0.249D-04       0.958      -0.287      -0.008
  -0.304D+01  -0.102D-04       0.009       0.003       1.000
   0.680D+02   0.196D-04       0.196       0.675      -0.711   0.650D+02
   0.610D+02   0.175D-04       0.671      -0.205      -0.713   0.579D+02
   0.704D+01   0.202D-05      -0.475       0.880       0.002   0.126D+03
  0.3416D-02  0.1609D-02
   0.646D+02   0.849D+02  -0.196D+01  -0.413D+00  -0.114D+01   0.000D+00
   0.130D-04   0.189D-04  -0.610D-05  -0.119D-06  -0.329D-06   0.000D+00
   0.304D-03   0.304D-03   0.123D-01
   0.849D+02   0.189D-04       0.000       1.000      -0.005
   0.647D+02   0.131D-04       1.000       0.000      -0.017
  -0.198D+01  -0.610D-05       0.017       0.005       1.000
   0.435D+02   0.125D-04      -0.012       0.704      -0.710   0.415D+02
   0.333D+02   0.958D-05       0.695      -0.004      -0.719   0.313D+02
   0.101D+02   0.291D-05      -0.707       0.707       0.009   0.748D+02
  0.1230D-02  0.5944D-03
  -0.215D+00  -0.401D+00  -0.139D+01   0.000D+00   0.000D+00   0.530D-01
   0.628D-04   0.302D-04  -0.143D-03   0.000D+00   0.000D+00   0.927D-05
   0.000D+00   0.000D+00   0.124D-01
  -0.201D+00   0.652D-04       0.967       0.255       0.000
  -0.415D+00   0.277D-04      -0.255       0.967       0.000
  -0.139D+01  -0.143D-03       0.000       0.000       1.000
   0.595D+00   0.104D-03       0.684       0.181      -0.707  -0.796D+00
   0.488D+00   0.854D-04      -0.181       0.684      -0.707  -0.903D+00
   0.107D+00   0.188D-04       0.864      -0.503       0.000  -0.308D+00
  0.8725D-04  0.7047D-04
  -0.225D+00  -0.394D+00  -0.137D+01  -0.274D-01  -0.107D+00   0.467D-01
   0.598D-04   0.303D-04  -0.140D-03  -0.479D-05  -0.187D-04   0.818D-05
   0.433D-03   0.622D-04   0.123D-01
  -0.202D+00   0.638D-04       0.964       0.249      -0.095
  -0.406D+00   0.282D-04      -0.250       0.968       0.000
  -0.138D+01  -0.142D-03       0.092       0.023       0.996
   0.587D+00   0.103D-03       0.617       0.160      -0.771  -0.789D+00
   0.485D+00   0.849D-04      -0.242       0.668      -0.704  -0.891D+00
   0.102D+00   0.178D-04       0.858      -0.508      -0.067  -0.304D+00
  0.8522D-04  0.6881D-04
  -0.192D+00  -0.297D+00  -0.140D+01  -0.177D+00  -0.926D-01   0.165D-01
   0.611D-04   0.427D-04  -0.151D-03  -0.310D-04  -0.162D-04   0.288D-05
   0.196D-03   0.971D-03   0.117D-01
  -0.176D+00   0.639D-04       0.949       0.295      -0.114
  -0.279D+00   0.458D-04      -0.309       0.943      -0.123
  -0.144D+01  -0.157D-03       0.071       0.152       0.986
   0.632D+00   0.111D-03       0.620       0.102      -0.778  -0.807D+00
   0.580D+00   0.101D-03      -0.269       0.560      -0.784  -0.859D+00
   0.517D-01   0.905D-05       0.889      -0.458       0.006  -0.228D+00
  0.1010D-03  0.8605D-04
  -0.233D+00  -0.306D+00  -0.130D+01  -0.180D+00  -0.190D+00   0.000D+00
   0.511D-04   0.384D-04  -0.135D-03  -0.315D-04  -0.333D-04   0.000D+00
   0.590D-03   0.981D-03   0.115D-01
  -0.190D+00   0.587D-04       0.922       0.326      -0.211
  -0.287D+00   0.418D-04      -0.352       0.931      -0.099
  -0.136D+01  -0.146D-03       0.164       0.165       0.973
   0.586D+00   0.103D-03       0.536       0.114      -0.837  -0.776D+00
   0.538D+00   0.941D-04      -0.365       0.541      -0.758  -0.824D+00
   0.485D-01   0.848D-05       0.901      -0.427      -0.079  -0.238D+00
  0.8815D-04  0.7408D-04
   0.114D+03   0.102D+03  -0.274D+01   0.000D+00   0.347D-17   0.000D+00
   0.248D-04   0.213D-04  -0.878D-05   0.000D+00   0.997D-24   0.000D+00
   0.678D-20   0.000D+00   0.141D-01
   0.114D+03   0.248D-04       1.000       0.000       0.000
   0.102D+03   0.213D-04       0.000       1.000       0.000
  -0.274D+01  -0.878D-05       0.000       0.000       1.000
   0.584D+02   0.168D-04       0.707       0.000      -0.707   0.557D+02
   0.523D+02   0.150D-04       0.000       0.707      -0.707   0.495D+02
   0.613D+01   0.176D-05       0.707      -0.707       0.000   0.108D+03
  0.2511D-02  0.1185D-02
   0.127D+03   0.103D+03  -0.285D+01   0.000D+00  -0.549D+00   0.000D+00
   0.280D-04   0.210D-04  -0.932D-05   0.000D+00  -0.158D-06   0.000D+00
   0.187D-03   0.000D+00   0.139D-01
   0.127D+03   0.280D-04       1.000       0.000      -0.004
   0.103D+03   0.210D-04       0.000       1.000       0.000
  -0.285D+01  -0.932D-05       0.004       0.000       1.000
   0.649D+02   0.187D-04       0.704       0.000      -0.710   0.621D+02
   0.527D+02   0.152D-04      -0.003       0.707      -0.707   0.499D+02
   0.122D+02   0.351D-05       0.707      -0.707      -0.003   0.115D+03
  0.2870D-02  0.1370D-02
   0.881D+02   0.115D+02  -0.148D+01  -0.143D+00   0.000D+00   0.000D+00
   0.216D-04  -0.369D-06  -0.411D-05  -0.410D-07   0.000D+00   0.000D+00
   0.000D+00   0.181D-03   0.132D-01
   0.881D+02   0.216D-04       1.000       0.000       0.000
   0.115D+02  -0.368D-06       0.000       1.000      -0.011
  -0.149D+01  -0.411D-05       0.000       0.011       1.000
   0.448D+02   0.129D-04       0.707      -0.008      -0.707   0.433D+02
   0.383D+02   0.110D-04       0.707      -0.707       0.008   0.498D+02
   0.650D+01   0.187D-05       0.000       0.699      -0.715   0.501D+01
  0.9540D-03  0.6733D-03
   0.827D+02   0.128D+02  -0.144D+01  -0.141D+00  -0.315D+00  -0.138D+01
   0.202D-04   0.147D-06  -0.394D-05  -0.404D-07  -0.907D-07  -0.396D-06
   0.148D-03   0.179D-03   0.130D-01
   0.827D+02   0.203D-04       1.000      -0.020      -0.004
   0.128D+02   0.140D-06       0.020       1.000      -0.010
  -0.145D+01  -0.394D-05       0.004       0.010       1.000
   0.421D+02   0.121D-04       0.704      -0.021      -0.710   0.406D+02
   0.350D+02   0.101D-04       0.693      -0.721       0.005   0.477D+02
   0.710D+01   0.204D-05       0.011       0.700      -0.714   0.565D+01
  0.8416D-03  0.5837D-03
   0.101D+03   0.101D+03  -0.252D+01  -0.383D+00   0.000D+00   0.000D+00
   0.215D-04   0.216D-04  -0.820D-05  -0.110D-06   0.000D+00   0.000D+00
   0.000D+00   0.368D-03   0.118D-01
   0.101D+03   0.216D-04       0.000       1.000      -0.004
   0.101D+03   0.215D-04       1.000       0.000       0.000
  -0.252D+01  -0.820D-05       0.000       0.004       1.000
   0.519D+02   0.149D-04       0.000       0.704      -0.710   0.493D+02
   0.516D+02   0.148D-04       0.707      -0.003      -0.707   0.491D+02
   0.286D+00   0.824D-07      -0.707       0.707      -0.003   0.101D+03
  0.2184D-02  0.1025D-02
   0.114D+03   0.102D+03  -0.263D+01  -0.375D+00  -0.512D+00  -0.362D+01
   0.248D-04   0.213D-04  -0.875D-05  -0.108D-06  -0.147D-06  -0.104D-05
   0.164D-03   0.365D-03   0.117D-01
   0.115D+03   0.251D-04       0.965      -0.262      -0.003
   0.101D+03   0.210D-04       0.262       0.965      -0.005
  -0.264D+01  -0.875D-05       0.004       0.004       1.000
   0.589D+02   0.169D-04       0.679      -0.188      -0.709   0.562D+02
   0.517D+02   0.149D-04       0.182       0.680      -0.710   0.491D+02
   0.716D+01   0.206D-05       0.497      -0.868       0.001   0.108D+03
  0.2512D-02  0.1186D-02
  -0.227D+00  -0.412D+00  -0.144D+01   0.000D+00   0.000D+00   0.000D+00
   0.644D-04   0.320D-04  -0.149D-03   0.000D+00   0.000D+00   0.000D+00
  -0.678D-20   0.000D+00   0.132D-01
  -0.227D+00   0.644D-04       1.000       0.000       0.000
  -0.412D+00   0.320D-04       0.000       1.000       0.000
  -0.144D+01  -0.149D-03       0.000       0.000       1.000
   0.609D+00   0.106D-03       0.707       0.000      -0.707  -0.835D+00
   0.516D+00   0.903D-04       0.000       0.707      -0.707  -0.928D+00
   0.927D-01   0.162D-04       0.707      -0.707       0.000  -0.319D+00
  0.9332D-04  0.7525D-04
  -0.238D+00  -0.409D+00  -0.141D+01   0.000D+00  -0.114D+00   0.000D+00
   0.612D-04   0.313D-04  -0.144D-03   0.000D+00  -0.200D-04   0.000D+00
   0.443D-03   0.000D+00   0.130D-01
  -0.227D+00   0.632D-04       0.995       0.000      -0.096
  -0.409D+00   0.313D-04       0.000       1.000       0.000
  -0.142D+01  -0.146D-03       0.096       0.000       0.995
   0.598D+00   0.105D-03       0.636       0.000      -0.772  -0.825D+00
   0.507D+00   0.886D-04      -0.068       0.707      -0.704  -0.916D+00
   0.909D-01   0.159D-04       0.704      -0.707      -0.068  -0.318D+00
  0.9021D-04  0.7256D-04
  -0.221D+00  -0.457D+00  -0.128D+01  -0.887D-01   0.000D+00   0.000D+00
   0.593D-04   0.179D-04  -0.126D-03  -0.155D-04   0.000D+00   0.000D+00
   0.000D+00   0.650D-03   0.125D-01
  -0.221D+00   0.593D-04       1.000       0.000       0.000
  -0.448D+00   0.196D-04       0.000       0.994      -0.106
  -0.129D+01  -0.128D-03       0.000       0.106       0.994
   0.535D+00   0.935D-04       0.707      -0.075      -0.703  -0.756D+00
   0.421D+00   0.737D-04       0.000       0.628      -0.778  -0.869D+00
   0.113D+00   0.198D-04       0.707      -0.703       0.075  -0.335D+00
  0.7152D-04  0.5553D-04
  -0.230D+00  -0.450D+00  -0.126D+01  -0.878D-01  -0.948D-01  -0.720D-02
   0.567D-04   0.182D-04  -0.123D-03  -0.154D-04  -0.166D-04  -0.126D-05
   0.409D-03   0.645D-03   0.124D-01
  -0.221D+00   0.582D-04       0.996       0.004      -0.091
  -0.441D+00   0.198D-04      -0.013       0.994      -0.105
  -0.128D+01  -0.126D-03       0.090       0.106       0.990
   0.528D+00   0.923D-04       0.640      -0.072      -0.765  -0.749D+00
   0.418D+00   0.731D-04      -0.073       0.628      -0.775  -0.859D+00
   0.110D+00   0.192D-04       0.714      -0.700       0.010  -0.331D+00
  0.6992D-04  0.5426D-04
  -0.184D+00  -0.330D+00  -0.121D+01  -0.192D+00   0.694D-17   0.000D+00
   0.542D-04   0.286D-04  -0.126D-03  -0.337D-04   0.121D-20   0.000D+00
   0.000D+00   0.126D-02   0.110D-01
  -0.184D+00   0.542D-04       1.000       0.000       0.000
  -0.290D+00   0.356D-04       0.000       0.979      -0.204
  -0.125D+01  -0.133D-03       0.000       0.204       0.979
   0.535D+00   0.937D-04       0.707      -0.144      -0.692  -0.719D+00
   0.482D+00   0.844D-04       0.000       0.548      -0.836  -0.772D+00
   0.532D-01   0.931D-05       0.707      -0.692       0.144  -0.237D+00
  0.7330D-04  0.6086D-04
  -0.194D+00  -0.329D+00  -0.118D+01  -0.190D+00  -0.989D-01  -0.167D-01
   0.514D-04   0.278D-04  -0.122D-03  -0.332D-04  -0.173D-04  -0.292D-05
   0.373D-03   0.125D-02   0.109D-01
  -0.184D+00   0.531D-04       0.995       0.019      -0.102
  -0.289D+00   0.349D-04      -0.040       0.978      -0.203
  -0.123D+01  -0.131D-03       0.096       0.206       0.974
   0.525D+00   0.919D-04       0.635      -0.132      -0.761  -0.709D+00
   0.473D+00   0.828D-04      -0.096       0.546      -0.832  -0.762D+00
   0.522D-01   0.913D-05       0.731      -0.678       0.071  -0.236D+00
  0.7071D-04  0.5857D-04
